RESIDENCIAL;0,6;0;95459
RESIDENCIAL;0,7;95450,01;238626
RESIDENCIAL;0,75;238626,01;417596
RESIDENCIAL;0,8;417596,01;715879
RESIDENCIAL;0,85;715879,01;954505
RESIDENCIAL;0,9;954505,01;1193131
RESIDENCIAL;1,0;1193131,01;999999999999
NAO_RESIDENCIAL;1,2;0;35793
NAO_RESIDENCIAL;1,3;35793,01;119313
NAO_RESIDENCIAL;1,4;119313,01;596565
NAO_RESIDENCIAL;1,5;596565,01;1193131
NAO_RESIDENCIAL;1,6;1193131,01;999999999999
TERRITORIAL;1,0;0;47724
TERRITORIAL;1,6;47724,01;357939
TERRITORIAL;2,0;357939,01;715879
TERRITORIAL;2,5;715879,01;1193131
TERRITORIAL;3,0;1193131,01;999999999999
